{"producer":{"name":"Blender","version":"2.77 (sub 0)","exporter_version":"4.6.1","file":"monje_azul_redise_o_posible_1.babylon"},
"autoClear":true,"clearColor":[0.0509,0.0509,0.0509],"ambientColor":[0,0,0],"gravity":[0,-9.81,0],
"materials":[{"name":"monje_azul_redise_o_posible_1.Cuerpo","id":"monje_azul_redise_o_posible_1.Cuerpo","ambient":[0,0,0],"diffuse":[0,0,0],"specular":[0,0,0],"emissive":[0,0,0],"specularPower":50,"alpha":1,"backFaceCulling":true,"checkReadyOnlyOnce":false},
{"name":"monje_azul_redise_o_posible_1.Capucha","id":"monje_azul_redise_o_posible_1.Capucha","ambient":[0.0064,0.0064,0.0064],"diffuse":[0.0051,0.0051,0.0051],"specular":[0,0,0],"emissive":[0,0,0],"specularPower":50,"alpha":1,"backFaceCulling":true,"checkReadyOnlyOnce":false},
{"name":"monje_azul_redise_o_posible_1.Tunica","id":"monje_azul_redise_o_posible_1.Tunica","ambient":[0.0004,0,0.1237],"diffuse":[0.0003,0,0.099],"specular":[0.0235,0.0235,0.0235],"emissive":[0,0,0],"specularPower":50,"alpha":1,"backFaceCulling":true,"checkReadyOnlyOnce":false},
{"name":"monje_azul_redise_o_posible_1.Cuello","id":"monje_azul_redise_o_posible_1.Cuello","ambient":[0,0.0254,0.0011],"diffuse":[0,0.0203,0.0008],"specular":[0,0,0],"emissive":[0,0,0],"specularPower":50,"alpha":1,"backFaceCulling":true,"checkReadyOnlyOnce":false}],
"multiMaterials":[{"name":"monje_azul_redise_o_posible_1.Multimaterial#0","id":"monje_azul_redise_o_posible_1.Multimaterial#0","materials":["monje_azul_redise_o_posible_1.Cuerpo","monje_azul_redise_o_posible_1.Capucha","monje_azul_redise_o_posible_1.Tunica","monje_azul_redise_o_posible_1.Cuello"]}],
"skeletons":[{"name":"Esqueleto","id":0,"dimensionsAtRest":[5.4821,14.4262,4.2816],"bones":[
{"name":"Root","index":0,"matrix":[1,0,0,0,0,0,-1,0,0,-1,0,0,0,3.8519,0.0383,1],"rest":[1,0,0,0,0,0,-1,0,0,-1,0,0,0,3.8519,0.0383,1],"parentBoneIndex":-1,"length":2.2
,"animation":{"dataType":3,"framePerSecond":24,"keys":[
{"frame":0,"values":[1,0,0,0,0,0,-1,0,0,-1,0,0,0,3.8519,0.0383,1]},
{"frame":40,"values":[1,0,0,0,0,0,-1,0,0,-1,0,0,0,3.8519,0.0383,1]},
{"frame":51,"values":[1,0,0,0,0,0,-1,0,0,-1,0,0,0,3.8519,0.0383,1]},
{"frame":90,"values":[1,0,0,0,0,0,-1,0,0,-1,0,0,0,3.8519,0.0383,1]},
{"frame":101,"values":[1,0,0,0,0,0,-1,0,0,-1,0,0,0,3.8519,0.0383,1]},
{"frame":140,"values":[1,0,0,0,0,0,-1,0,0,-1,0,0,0,3.8519,0.0383,1]}],"loopBehavior":1,"name":"anim","property":"_matrix"}},
{"name":"Pierna pole target.L","index":1,"matrix":[-1,0,0,0,0,1,0,0,0,0,-1,0,0.8693,2.5229,-3.49,1],"rest":[-1,0,0,0,0,1,0,0,0,0,-1,0,0.8693,2.5229,-3.49,1],"parentBoneIndex":0,"length":0.7593
,"animation":{"dataType":3,"framePerSecond":24,"keys":[
{"frame":0,"values":[-1,0,0,0,0,1,0,0,0,0,-1,0,0.8693,2.5229,-3.49,1]},
{"frame":40,"values":[-1,0,0,0,0,1,0,0,0,0,-1,0,0.8693,2.5229,-3.49,1]},
{"frame":51,"values":[-1,0,0,0,0,1,0,0,0,0,-1,0,0.8693,2.5229,-3.49,1]},
{"frame":90,"values":[-1,0,0,0,0,1,0,0,0,0,-1,0,0.8693,2.5229,-3.49,1]},
{"frame":101,"values":[-1,0,0,0,0,1,0,0,0,0,-1,0,0.8693,2.5229,-3.49,1]},
{"frame":140,"values":[-1,0,0,0,0,1,0,0,0,0,-1,0,0.8693,2.5229,-3.49,1]}],"loopBehavior":1,"name":"anim","property":"_matrix"}},
{"name":"Pierna control.L","index":2,"matrix":[1,0,0,0,0,1,0,0,0,0,1,0,0.8625,-0.6255,-0.0436,1],"rest":[1,0,0,0,0,1,0,0,0,0,1,0,0.8625,-0.6255,-0.0436,1],"parentBoneIndex":0,"length":2.171
,"animation":{"dataType":3,"framePerSecond":24,"keys":[
{"frame":0,"values":[0.9975,-0.0708,0,0,0.0604,0.8516,-0.5208,0,0.0369,0.5195,0.8537,0,0.8625,1.474,0.1793,1]},
{"frame":1,"values":[0.9976,-0.0689,-0.0031,0,0.0589,0.8748,-0.4809,0,0.0358,0.4795,0.8768,0,0.8625,1.4308,0.1814,1]},
{"frame":2,"values":[0.998,-0.0623,-0.0116,0,0.0539,0.9307,-0.3617,0,0.0333,0.3604,0.9322,0,0.8625,1.2908,0.1876,1]},
{"frame":3,"values":[0.9985,-0.0508,-0.0214,0,0.0456,0.9792,-0.1979,0,0.031,0.1966,0.98,0,0.8625,1.0614,0.197,1]},
{"frame":4,"values":[0.9989,-0.0381,-0.028,0,0.0362,0.9972,-0.0661,0,0.0304,0.065,0.9974,0,0.8625,0.7861,0.207,1]},
{"frame":5,"values":[0.9991,-0.0286,-0.0305,0,0.028,0.9994,-0.0192,0,0.031,0.0183,0.9994,0,0.8625,0.5129,0.2154,1]},
{"frame":6,"values":[0.9993,-0.0208,-0.0312,0,0.02,0.9995,-0.024,0,0.0317,0.0233,0.9992,0,0.8625,0.2217,0.2238,1]},
{"frame":7,"values":[0.9994,-0.0122,-0.0317,0,0.011,0.9992,-0.0378,0,0.0321,0.0374,0.9988,0,0.8625,-0.1234,0.2338,1]},
{"frame":8,"values":[0.9995,-0.0047,-0.0321,0,0.0029,0.9985,-0.0555,0,0.0323,0.0554,0.9979,0,0.8625,-0.4941,0.2432,1]},
{"frame":9,"values":[0.9995,0.0001,-0.0323,0,-0.0023,0.9976,-0.0694,0,0.0322,0.0694,0.9971,0,0.8625,-0.8449,0.2495,1]},
{"frame":10,"values":[0.9995,0.0016,-0.0323,0,-0.004,0.9972,-0.0743,0,0.0321,0.0743,0.9967,0,0.8625,-1.1459,0.2515,1]},
{"frame":11,"values":[0.9995,0.0016,-0.0316,0,-0.004,0.9972,-0.0742,0,0.0314,0.0743,0.9967,0,0.8625,-1.4289,0.2515,1]},
{"frame":12,"values":[0.9996,0.0016,-0.0295,0,-0.0038,0.9973,-0.0738,0,0.0293,0.0739,0.9968,0,0.8625,-1.7282,0.2513,1]},
{"frame":13,"values":[0.9997,0.0016,-0.026,0,-0.0035,0.9974,-0.0725,0,0.0258,0.0726,0.997,0,0.8625,-2.0354,0.2506,1]},
{"frame":14,"values":[0.9998,0.0016,-0.0214,0,-0.0031,0.9976,-0.0698,0,0.0212,0.0699,0.9973,0,0.8625,-2.3376,0.2491,1]},
{"frame":15,"values":[0.9999,0.0015,-0.0162,0,-0.0026,0.9979,-0.065,0,0.016,0.065,0.9978,0,0.8625,-2.6185,0.2465,1]},
{"frame":16,"values":[0.9999,0.0014,-0.011,0,-0.002,0.9983,-0.0575,0,0.0109,0.0575,0.9983,0,0.8625,-2.8614,0.2424,1]},
{"frame":17,"values":[1,0.0012,-0.0064,0,-0.0015,0.9989,-0.0471,0,0.0063,0.0472,0.9989,0,0.8625,-3.0536,0.2368,1]},
{"frame":18,"values":[1,0.0008,-0.0029,0,-0.0009,0.9994,-0.0339,0,0.0029,0.0339,0.9994,0,0.8625,-3.1887,0.2296,1]},
{"frame":19,"values":[1,0.0004,-0.0007,0,-0.0005,0.9998,-0.0181,0,0.0007,0.0181,0.9998,0,0.8625,-3.2666,0.221,1]},
{"frame":20,"values":[1,0,0,0,0,1,0,0,0,0,1,0,0.8625,-3.2912,0.2112,1]},
{"frame":21,"values":[1,-0.0003,-0.0001,0,0.0003,0.9976,0.0686,0,0.0001,-0.0686,0.9976,0,0.8625,-3.2854,0.09,1]},
{"frame":22,"values":[1,-0.0006,-0.0006,0,0.0007,0.9776,0.2104,0,0.0005,-0.2104,0.9776,0,0.8625,-3.2349,-0.2091,1]},
{"frame":23,"values":[1,-0.0016,-0.0016,0,0.002,0.9445,0.3284,0,0.001,-0.3284,0.9445,0,0.8625,-3.1121,-0.4885,1]},
{"frame":24,"values":[1,-0.003,-0.0028,0,0.0039,0.9106,0.4132,0,0.0013,-0.4132,0.9106,0,0.8625,-2.9336,-0.7264,1]},
{"frame":25,"values":[1,-0.0046,-0.0045,0,0.0062,0.8677,0.497,0,0.0016,-0.497,0.8677,0,0.8625,-2.7014,-0.9979,1]},
{"frame":26,"values":[1,-0.0065,-0.0065,0,0.009,0.8195,0.5731,0,0.0016,-0.5731,0.8195,0,0.8625,-2.4185,-1.2809,1]},
{"frame":27,"values":[0.9999,-0.0085,-0.0088,0,0.0122,0.7731,0.6342,0,0.0014,-0.6343,0.7731,0,0.8625,-2.1004,-1.54,1]},
{"frame":28,"values":[0.9999,-0.0109,-0.0114,0,0.0157,0.7364,0.6763,0,0.001,-0.6764,0.7365,0,0.8625,-1.7723,-1.7396,1]},
{"frame":29,"values":[0.9998,-0.0136,-0.014,0,0.0195,0.7143,0.6995,0,0.0005,-0.6997,0.7145,0,0.8625,-1.4577,-1.8595,1]},
{"frame":30,"values":[0.9997,-0.0165,-0.0165,0,0.0233,0.7073,0.7065,0,0,-0.7067,0.7075,0,0.8625,-1.1709,-1.8977,1]},
{"frame":31,"values":[0.9996,-0.0203,-0.019,0,0.0278,0.7264,0.6867,0,-0.0002,-0.687,0.7267,0,0.8625,-0.8787,-1.8517,1]},
{"frame":32,"values":[0.9994,-0.026,-0.0213,0,0.0336,0.7815,0.623,0,0.0005,-0.6234,0.7819,0,0.8625,-0.5473,-1.7131,1]},
{"frame":33,"values":[0.9992,-0.0336,-0.0228,0,0.0406,0.8613,0.5065,0,0.0026,-0.507,0.862,0,0.8625,-0.1865,-1.4878,1]},
{"frame":34,"values":[0.9988,-0.0428,-0.0225,0,0.0478,0.9416,0.3332,0,0.0069,-0.3339,0.9426,0,0.8625,0.1865,-1.1931,1]},
{"frame":35,"values":[0.9984,-0.0522,-0.0196,0,0.0541,0.9915,0.1179,0,0.0133,-0.1188,0.9928,0,0.8625,0.5482,-0.8592,1]},
{"frame":36,"values":[0.9981,-0.0602,-0.0146,0,0.0584,0.993,-0.1031,0,0.0207,0.1021,0.9946,0,0.8625,0.8722,-0.5254,1]},
{"frame":37,"values":[0.9978,-0.0657,-0.0089,0,0.0603,0.955,-0.2903,0,0.0276,0.2891,0.9569,0,0.8625,1.1362,-0.2306,1]},
{"frame":38,"values":[0.9976,-0.0689,-0.0041,0,0.0607,0.9044,-0.4223,0,0.0328,0.421,0.9065,0,0.8625,1.3263,-0.0053,1]},
{"frame":39,"values":[0.9975,-0.0704,-0.001,0,0.0606,0.8656,-0.4971,0,0.0359,0.4958,0.8677,0,0.8625,1.438,0.1333,1]},
{"frame":40,"values":[0.9975,-0.0708,0,0,0.0604,0.8516,-0.5208,0,0.0369,0.5195,0.8537,0,0.8625,1.474,0.1793,1]},
{"frame":51,"values":[1,0,0,0,0,1,0,0,0,0,1,0,0.8625,-0.6255,-0.0436,1]},
{"frame":90,"values":[1,0,0,0,0,1,0,0,0,0,1,0,0.8625,-0.6255,-0.0436,1]},
{"frame":101,"values":[1,0,0,0,0,1,0,0,0,0,1,0,0.8625,-0.6255,-0.0436,1]},
{"frame":140,"values":[1,0,0,0,0,1,0,0,0,0,1,0,0.8625,-0.6255,-0.0436,1]}],"loopBehavior":1,"name":"anim","property":"_matrix"}},
{"name":"Empeine roll.L","index":3,"matrix":[1,-0.0054,0.0002,0,-0.0039,-0.7425,-0.6699,0,0.0038,0.6699,-0.7425,0,0.0068,1.1688,-0.2423,1],"rest":[1,-0.0054,0.0002,0,-0.0039,-0.7425,-0.6699,0,0.0038,0.6699,-0.7425,0,0.0068,1.1688,-0.2423,1],"parentBoneIndex":2,"length":0.9318
,"animation":{"dataType":3,"framePerSecond":24,"keys":[
{"frame":0,"values":[1,-0.0054,0.0002,0,-0.0039,-0.7425,-0.6699,0,0.0038,0.6699,-0.7425,0,0.0068,1.1688,-0.2423,1]},
{"frame":40,"values":[1,-0.0054,0.0002,0,-0.0039,-0.7425,-0.6699,0,0.0038,0.6699,-0.7425,0,0.0068,1.1688,-0.2423,1]},
{"frame":51,"values":[1,-0.0054,0.0002,0,-0.0039,-0.7425,-0.6699,0,0.0038,0.6699,-0.7425,0,0.0068,1.1688,-0.2423,1]},
{"frame":90,"values":[1,-0.0054,0.0002,0,-0.0039,-0.7425,-0.6699,0,0.0038,0.6699,-0.7425,0,0.0068,1.1688,-0.2423,1]},
{"frame":101,"values":[1,-0.0054,0.0002,0,-0.0039,-0.7425,-0.6699,0,0.0038,0.6699,-0.7425,0,0.0068,1.1688,-0.2423,1]},
{"frame":140,"values":[1,-0.0054,0.0002,0,-0.0039,-0.7425,-0.6699,0,0.0038,0.6699,-0.7425,0,0.0068,1.1688,-0.2423,1]}],"loopBehavior":1,"name":"anim","property":"_matrix"}},
{"name":"Pierna.IK.L","index":4,"matrix":[1,-0.0039,0.0038,0,0.0054,0.7425,-0.6699,0,-0.0002,0.6699,0.7425,0,0,0.9318,0,1],"rest":[1,-0.0039,0.0038,0,0.0054,0.7425,-0.6699,0,-0.0002,0.6699,0.7425,0,0,0.9318,0,1],"parentBoneIndex":3,"length":0.8508
,"animation":{"dataType":3,"framePerSecond":24,"keys":[
{"frame":0,"values":[1,-0.0039,0.0038,0,0.0054,0.7425,-0.6699,0,-0.0002,0.6699,0.7425,0,0,0.9318,0,1]},
{"frame":40,"values":[1,-0.0039,0.0038,0,0.0054,0.7425,-0.6699,0,-0.0002,0.6699,0.7425,0,0,0.9318,0,1]},
{"frame":51,"values":[1,-0.0039,0.0038,0,0.0054,0.7425,-0.6699,0,-0.0002,0.6699,0.7425,0,0,0.9318,0,1]},
{"frame":90,"values":[1,-0.0039,0.0038,0,0.0054,0.7425,-0.6699,0,-0.0002,0.6699,0.7425,0,0,0.9318,0,1]},
{"frame":101,"values":[1,-0.0039,0.0038,0,0.0054,0.7425,-0.6699,0,-0.0002,0.6699,0.7425,0,0,0.9318,0,1]},
{"frame":140,"values":[1,-0.0039,0.0038,0,0.0054,0.7425,-0.6699,0,-0.0002,0.6699,0.7425,0,0,0.9318,0,1]}],"loopBehavior":1,"name":"anim","property":"_matrix"}},
{"name":"Pie control.L","index":5,"matrix":[-1,0,0,0,0,0.9996,0.0271,0,0,0.0271,-0.9996,0,0.0031,1.1688,-0.2423,1],"rest":[-1,0,0,0,0,0.9996,0.0271,0,0,0.0271,-0.9995,0,0.0031,1.1688,-0.2423,1],"parentBoneIndex":2,"length":0.937
,"animation":{"dataType":3,"framePerSecond":24,"keys":[
{"frame":0,"values":[-1,0,0,0,0,0.9996,0.0271,0,0,0.0271,-0.9996,0,0.0031,1.1688,-0.2423,1]},
{"frame":40,"values":[-1,0,0,0,0,0.9996,0.0271,0,0,0.0271,-0.9996,0,0.0031,1.1688,-0.2423,1]},
{"frame":51,"values":[-1,0,0,0,0,0.9996,0.0271,0,0,0.0271,-0.9996,0,0.0031,1.1688,-0.2423,1]},
{"frame":90,"values":[-1,0,0,0,0,0.9996,0.0271,0,0,0.0271,-0.9996,0,0.0031,1.1688,-0.2423,1]},
{"frame":101,"values":[-1,0,0,0,0,0.9996,0.0271,0,0,0.0271,-0.9996,0,0.0031,1.1688,-0.2423,1]},
{"frame":140,"values":[-1,0,0,0,0,0.9996,0.0271,0,0,0.0271,-0.9996,0,0.0031,1.1688,-0.2423,1]}],"loopBehavior":1,"name":"anim","property":"_matrix"}},
{"name":"Pierna pole target.R","index":6,"matrix":[-1,0,0,0,0,1,0,0,0,0,-1,0,-0.8693,2.5229,-3.49,1],"rest":[-1,0,0,0,0,1,0,0,0,0,-1,0,-0.8693,2.5229,-3.49,1],"parentBoneIndex":0,"length":0.7593
,"animation":{"dataType":3,"framePerSecond":24,"keys":[
{"frame":0,"values":[-1,0,0,0,0,1,0,0,0,0,-1,0,-0.8693,2.5229,-3.49,1]},
{"frame":40,"values":[-1,0,0,0,0,1,0,0,0,0,-1,0,-0.8693,2.5229,-3.49,1]},
{"frame":51,"values":[-1,0,0,0,0,1,0,0,0,0,-1,0,-0.8693,2.5229,-3.49,1]},
{"frame":90,"values":[-1,0,0,0,0,1,0,0,0,0,-1,0,-0.8693,2.5229,-3.49,1]},
{"frame":101,"values":[-1,0,0,0,0,1,0,0,0,0,-1,0,-0.8693,2.5229,-3.49,1]},
{"frame":140,"values":[-1,0,0,0,0,1,0,0,0,0,-1,0,-0.8693,2.5229,-3.49,1]}],"loopBehavior":1,"name":"anim","property":"_matrix"}},
{"name":"Pierna control.R","index":7,"matrix":[1,0,0,0,0,1,0,0,0,0,1,0,-0.8625,-0.6255,-0.0436,1],"rest":[1,0,0,0,0,1,0,0,0,0,1,0,-0.8625,-0.6255,-0.0436,1],"parentBoneIndex":0,"length":2.171
,"animation":{"dataType":3,"framePerSecond":24,"keys":[
{"frame":0,"values":[1,0,0,0,0,1,0,0,0,0,1,0,-0.8625,-3.2912,0.2112,1]},
{"frame":1,"values":[1,0.0001,0.0001,0,-0.0001,0.9983,0.0587,0,-0.0001,-0.0587,0.9983,0,-0.8625,-3.2854,0.0954,1]},
{"frame":2,"values":[1,0.0005,0.0006,0,-0.0006,0.9786,0.2058,0,-0.0005,-0.2058,0.9786,0,-0.8625,-3.2349,-0.2065,1]},
{"frame":3,"values":[1,0.0016,0.0016,0,-0.002,0.9445,0.3284,0,-0.001,-0.3284,0.9445,0,-0.8625,-3.1121,-0.4885,1]},
{"frame":4,"values":[1,0.003,0.0028,0,-0.0039,0.9106,0.4132,0,-0.0013,-0.4132,0.9106,0,-0.8625,-2.9336,-0.7264,1]},
{"frame":5,"values":[1,0.0046,0.0045,0,-0.0062,0.8677,0.497,0,-0.0016,-0.497,0.8677,0,-0.8625,-2.7014,-0.9979,1]},
{"frame":6,"values":[1,0.0065,0.0065,0,-0.009,0.8195,0.5731,0,-0.0016,-0.5731,0.8195,0,-0.8625,-2.4185,-1.2809,1]},
{"frame":7,"values":[0.9999,0.0085,0.0088,0,-0.0122,0.7731,0.6342,0,-0.0014,-0.6343,0.7731,0,-0.8625,-2.1004,-1.54,1]},
{"frame":8,"values":[0.9999,0.0109,0.0114,0,-0.0157,0.7364,0.6763,0,-0.001,-0.6764,0.7365,0,-0.8625,-1.7723,-1.7396,1]},
{"frame":9,"values":[0.9998,0.0136,0.014,0,-0.0195,0.7143,0.6995,0,-0.0005,-0.6997,0.7145,0,-0.8625,-1.4577,-1.8595,1]},
{"frame":10,"values":[0.9997,0.0165,0.0165,0,-0.0233,0.7073,0.7065,0,0,-0.7067,0.7075,0,-0.8625,-1.1709,-1.8977,1]},
{"frame":11,"values":[0.9996,0.0204,0.0188,0,-0.0278,0.7261,0.687,0,0.0003,-0.6872,0.7264,0,-0.8625,-0.8787,-1.8544,1]},
{"frame":12,"values":[0.9994,0.0262,0.0208,0,-0.0335,0.7807,0.624,0,0.0001,-0.6243,0.7812,0,-0.8625,-0.5473,-1.7236,1]},
{"frame":13,"values":[0.9992,0.0341,0.0217,0,-0.0404,0.8602,0.5083,0,-0.0014,-0.5088,0.8609,0,-0.8625,-0.1865,-1.5098,1]},
{"frame":14,"values":[0.9988,0.0434,0.0206,0,-0.0478,0.9409,0.3354,0,-0.0048,-0.336,0.9419,0,-0.8625,0.1865,-1.2284,1]},
{"frame":15,"values":[0.9985,0.0528,0.017,0,-0.0545,0.9914,0.1191,0,-0.0105,-0.1198,0.9927,0,-0.8625,0.5482,-0.9066,1]},
{"frame":16,"values":[0.9981,0.0606,0.0115,0,-0.0591,0.9928,-0.1041,0,-0.0177,0.1032,0.9945,0,-0.8625,0.8722,-0.5803,1]},
{"frame":17,"values":[0.9978,0.0659,0.0057,0,-0.0613,0.9541,-0.2931,0,-0.0248,0.2921,0.9561,0,-0.8625,1.1362,-0.2859,1]},
{"frame":18,"values":[0.9976,0.0689,0.0014,0,-0.0617,0.9029,-0.4255,0,-0.0306,0.4244,0.905,0,-0.8625,1.3263,-0.0517,1]},
{"frame":19,"values":[0.9975,0.0703,-0.0006,0,-0.0612,0.8643,-0.4993,0,-0.0346,0.4981,0.8665,0,-0.8625,1.438,0.1054,1]},
{"frame":20,"values":[0.9975,0.0708,0,0,-0.0604,0.8516,-0.5208,0,-0.0369,0.5195,0.8537,0,-0.8625,1.474,0.1793,1]},
{"frame":21,"values":[0.9976,0.069,0.0047,0,-0.0583,0.8759,-0.4789,0,-0.0371,0.4775,0.8778,0,-0.8625,1.4308,0.2074,1]},
{"frame":22,"values":[0.998,0.0622,0.0141,0,-0.053,0.9315,-0.3598,0,-0.0355,0.3583,0.9329,0,-0.8625,1.2908,0.2257,1]},
{"frame":23,"values":[0.9984,0.0505,0.024,0,-0.0447,0.9792,-0.1978,0,-0.0335,0.1964,0.9799,0,-0.8625,1.0614,0.2348,1]},
{"frame":24,"values":[0.9988,0.0377,0.0301,0,-0.0356,0.9971,-0.0678,0,-0.0326,0.0667,0.9972,0,-0.8625,0.7861,0.2388,1]},
{"frame":25,"values":[0.9991,0.0283,0.0319,0,-0.0276,0.9994,-0.0214,0,-0.0325,0.0205,0.9993,0,-0.8625,0.5129,0.2425,1]},
{"frame":26,"values":[0.9993,0.0205,0.032,0,-0.0197,0.9995,-0.026,0,-0.0325,0.0254,0.9991,0,-0.8625,0.2217,0.2466,1]},
{"frame":27,"values":[0.9994,0.0121,0.032,0,-0.0109,0.9992,-0.0393,0,-0.0325,0.0389,0.9987,0,-0.8625,-0.1234,0.2495,1]},
{"frame":28,"values":[0.9995,0.0047,0.0321,0,-0.0028,0.9984,-0.0563,0,-0.0324,0.0562,0.9979,0,-0.8625,-0.4941,0.251,1]},
{"frame":29,"values":[0.9995,-0.0001,0.0323,0,0.0024,0.9976,-0.0695,0,-0.0322,0.0696,0.9971,0,-0.8625,-0.8449,0.2514,1]},
{"frame":30,"values":[0.9995,-0.0016,0.0323,0,0.004,0.9972,-0.0743,0,-0.0321,0.0743,0.9967,0,-0.8625,-1.1459,0.2515,1]},
{"frame":31,"values":[0.9995,-0.0016,0.0316,0,0.0039,0.9974,-0.0726,0,-0.0314,0.0727,0.9969,0,-0.8625,-1.4289,0.2506,1]},
{"frame":32,"values":[0.9996,-0.0016,0.0295,0,0.0036,0.9977,-0.0677,0,-0.0293,0.0677,0.9973,0,-0.8625,-1.7282,0.2479,1]},
{"frame":33,"values":[0.9997,-0.0015,0.026,0,0.003,0.9982,-0.0596,0,-0.0258,0.0597,0.9979,0,-0.8625,-2.0354,0.2436,1]},
{"frame":34,"values":[0.9998,-0.0013,0.0214,0,0.0024,0.9988,-0.0491,0,-0.0213,0.0491,0.9986,0,-0.8625,-2.3376,0.2378,1]},
{"frame":35,"values":[0.9999,-0.0011,0.0162,0,0.0017,0.9993,-0.0372,0,-0.0161,0.0372,0.9992,0,-0.8625,-2.6185,0.2314,1]},
{"frame":36,"values":[0.9999,-0.0008,0.011,0,0.0011,0.9997,-0.0252,0,-0.0109,0.0252,0.9996,0,-0.8625,-2.8614,0.2249,1]},
{"frame":37,"values":[1,-0.0005,0.0064,0,0.0006,0.9999,-0.0147,0,-0.0064,0.0147,0.9999,0,-0.8625,-3.0536,0.2192,1]},
{"frame":38,"values":[1,-0.0002,0.0029,0,0.0003,1,-0.0066,0,-0.0029,0.0066,1,0,-0.8625,-3.1887,0.2148,1]},
{"frame":39,"values":[1,-0.0001,0.0007,0,0.0001,1,-0.0016,0,-0.0007,0.0016,1,0,-0.8625,-3.2666,0.2121,1]},
{"frame":40,"values":[1,0,0,0,0,1,0,0,0,0,1,0,-0.8625,-3.2912,0.2112,1]},
{"frame":51,"values":[1,0,0,0,0,1,0,0,0,0,1,0,-0.8625,-0.6255,-0.0436,1]},
{"frame":90,"values":[1,0,0,0,0,1,0,0,0,0,1,0,-0.8625,-0.6255,-0.0436,1]},
{"frame":101,"values":[1,0,0,0,0,1,0,0,0,0,1,0,-0.8625,-0.6255,-0.0436,1]},
{"frame":140,"values":[1,0,0,0,0,1,0,0,0,0,1,0,-0.8625,-0.6255,-0.0436,1]}],"loopBehavior":1,"name":"anim","property":"_matrix"}},
{"name":"Empeine roll.R","index":8,"matrix":[1,0.0004,0.0054,0,0.0039,-0.7425,-0.6699,0,0.0037,0.6699,-0.7425,0,-0.0068,1.1688,-0.2423,1],"rest":[1,0.0004,0.0054,0,0.0039,-0.7425,-0.6699,0,0.0037,0.6699,-0.7425,0,-0.0068,1.1688,-0.2423,1],"parentBoneIndex":7,"length":0.9318
,"animation":{"dataType":3,"framePerSecond":24,"keys":[
{"frame":0,"values":[1,0.0004,0.0054,0,0.0039,-0.7425,-0.6699,0,0.0037,0.6699,-0.7425,0,-0.0068,1.1688,-0.2423,1]},
{"frame":40,"values":[1,0.0004,0.0054,0,0.0039,-0.7425,-0.6699,0,0.0037,0.6699,-0.7425,0,-0.0068,1.1688,-0.2423,1]},
{"frame":51,"values":[1,0.0004,0.0054,0,0.0039,-0.7425,-0.6699,0,0.0037,0.6699,-0.7425,0,-0.0068,1.1688,-0.2423,1]},
{"frame":90,"values":[1,0.0004,0.0054,0,0.0039,-0.7425,-0.6699,0,0.0037,0.6699,-0.7425,0,-0.0068,1.1688,-0.2423,1]},
{"frame":101,"values":[1,0.0004,0.0054,0,0.0039,-0.7425,-0.6699,0,0.0037,0.6699,-0.7425,0,-0.0068,1.1688,-0.2423,1]},
{"frame":140,"values":[1,0.0004,0.0054,0,0.0039,-0.7425,-0.6699,0,0.0037,0.6699,-0.7425,0,-0.0068,1.1688,-0.2423,1]}],"loopBehavior":1,"name":"anim","property":"_matrix"}},
{"name":"Pierna.IK.R","index":9,"matrix":[1,0.0039,0.0038,0,-0.0004,0.7425,-0.6699,0,-0.0054,0.6699,0.7425,0,0,0.9318,0,1],"rest":[1,0.0039,0.0038,0,-0.0004,0.7425,-0.6699,0,-0.0054,0.6699,0.7425,0,0,0.9318,0,1],"parentBoneIndex":8,"length":0.8508
,"animation":{"dataType":3,"framePerSecond":24,"keys":[
{"frame":0,"values":[1,0.0039,0.0038,0,-0.0004,0.7425,-0.6699,0,-0.0054,0.6699,0.7425,0,0,0.9318,0,1]},
{"frame":40,"values":[1,0.0039,0.0038,0,-0.0004,0.7425,-0.6699,0,-0.0054,0.6699,0.7425,0,0,0.9318,0,1]},
{"frame":51,"values":[1,0.0039,0.0038,0,-0.0004,0.7425,-0.6699,0,-0.0054,0.6699,0.7425,0,0,0.9318,0,1]},
{"frame":90,"values":[1,0.0039,0.0038,0,-0.0004,0.7425,-0.6699,0,-0.0054,0.6699,0.7425,0,0,0.9318,0,1]},
{"frame":101,"values":[1,0.0039,0.0038,0,-0.0004,0.7425,-0.6699,0,-0.0054,0.6699,0.7425,0,0,0.9318,0,1]},
{"frame":140,"values":[1,0.0039,0.0038,0,-0.0004,0.7425,-0.6699,0,-0.0054,0.6699,0.7425,0,0,0.9318,0,1]}],"loopBehavior":1,"name":"anim","property":"_matrix"}},
{"name":"Pie control.R","index":10,"matrix":[-1,0,0,0,0,0.9996,0.0271,0,0,0.0271,-0.9996,0,-0.0031,1.1688,-0.2423,1],"rest":[-1,0,0,0,0,0.9996,0.0271,0,0,0.0271,-0.9995,0,-0.0031,1.1688,-0.2423,1],"parentBoneIndex":7,"length":0.937
,"animation":{"dataType":3,"framePerSecond":24,"keys":[
{"frame":0,"values":[-1,0,0,0,0,0.9996,0.0271,0,0,0.0271,-0.9996,0,-0.0031,1.1688,-0.2423,1]},
{"frame":40,"values":[-1,0,0,0,0,0.9996,0.0271,0,0,0.0271,-0.9996,0,-0.0031,1.1688,-0.2423,1]},
{"frame":51,"values":[-1,0,0,0,0,0.9996,0.0271,0,0,0.0271,-0.9996,0,-0.0031,1.1688,-0.2423,1]},
{"frame":90,"values":[-1,0,0,0,0,0.9996,0.0271,0,0,0.0271,-0.9996,0,-0.0031,1.1688,-0.2423,1]},
{"frame":101,"values":[-1,0,0,0,0,0.9996,0.0271,0,0,0.0271,-0.9996,0,-0.0031,1.1688,-0.2423,1]},
{"frame":140,"values":[-1,0,0,0,0,0.9996,0.0271,0,0,0.0271,-0.9996,0,-0.0031,1.1688,-0.2423,1]}],"loopBehavior":1,"name":"anim","property":"_matrix"}},
{"name":"Abdomen","index":11,"matrix":[-1,0,0,0,0,0.0216,-0.9998,0,0,-0.9998,-0.0216,0,0,0,-5.704,1],"rest":[-1,0,0,0,0,0.0216,-0.9998,0,0,-0.9998,-0.0216,0,0,0,-5.704,1],"parentBoneIndex":0,"length":2.4666
,"animation":{"dataType":3,"framePerSecond":24,"keys":[
{"frame":0,"values":[-0.9998,0,0.0204,0,-0.0204,0.0216,-0.9996,0,-0.0004,-0.9998,-0.0216,0,0,-0.0588,-5.2924,1]},
{"frame":1,"values":[-0.9998,0,0.0201,0,-0.0201,0.0216,-0.9996,0,-0.0004,-0.9998,-0.0216,0,0,-0.0588,-5.2924,1]},
{"frame":2,"values":[-0.9998,0,0.019,0,-0.019,0.0216,-0.9996,0,-0.0004,-0.9998,-0.0216,0,0,-0.0588,-5.2924,1]},
{"frame":3,"values":[-0.9999,0,0.0171,0,-0.0171,0.0216,-0.9996,0,-0.0004,-0.9998,-0.0216,0,0,-0.0588,-5.2924,1]},
{"frame":4,"values":[-0.9999,0,0.0145,0,-0.0145,0.0216,-0.9997,0,-0.0003,-0.9998,-0.0216,0,0,-0.0588,-5.2924,1]},
{"frame":5,"values":[-0.9999,0,0.0115,0,-0.0114,0.0216,-0.9997,0,-0.0002,-0.9998,-0.0216,0,0,-0.0588,-5.2924,1]},
{"frame":6,"values":[-1,0,0.0081,0,-0.0081,0.0216,-0.9997,0,-0.0002,-0.9998,-0.0216,0,0,-0.0588,-5.2924,1]},
{"frame":7,"values":[-1,0,0.0047,0,-0.0047,0.0216,-0.9998,0,-0.0001,-0.9998,-0.0216,0,0,-0.0588,-5.2924,1]},
{"frame":8,"values":[-1,0,0.0015,0,-0.0015,0.0216,-0.9998,0,0,-0.9998,-0.0216,0,0,-0.0588,-5.2924,1]},
{"frame":9,"values":[-1,0,-0.0012,0,0.0012,0.0216,-0.9998,0,0,-0.9998,-0.0216,0,0,-0.0588,-5.2924,1]},
{"frame":10,"values":[-1,0,-0.0035,0,0.0035,0.0216,-0.9998,0,0.0001,-0.9998,-0.0216,0,0,-0.0588,-5.2924,1]},
{"frame":11,"values":[-1,0,-0.0057,0,0.0057,0.0216,-0.9998,0,0.0001,-0.9998,-0.0216,0,0,-0.0588,-5.2924,1]},
{"frame":12,"values":[-1,0,-0.008,0,0.008,0.0216,-0.9997,0,0.0002,-0.9998,-0.0216,0,0,-0.0588,-5.2924,1]},
{"frame":13,"values":[-0.9999,0,-0.0103,0,0.0103,0.0216,-0.9997,0,0.0002,-0.9998,-0.0216,0,0,-0.0588,-5.2924,1]},
{"frame":14,"values":[-0.9999,0,-0.0127,0,0.0127,0.0216,-0.9997,0,0.0003,-0.9998,-0.0216,0,0,-0.0588,-5.2924,1]},
{"frame":15,"values":[-0.9999,0,-0.015,0,0.015,0.0216,-0.9997,0,0.0003,-0.9998,-0.0216,0,0,-0.0588,-5.2924,1]},
{"frame":16,"values":[-0.9999,0,-0.0169,0,0.0169,0.0216,-0.9996,0,0.0004,-0.9998,-0.0216,0,0,-0.0588,-5.2924,1]},
{"frame":17,"values":[-0.9998,0,-0.0185,0,0.0185,0.0216,-0.9996,0,0.0004,-0.9998,-0.0216,0,0,-0.0588,-5.2924,1]},
{"frame":18,"values":[-0.9998,0,-0.0196,0,0.0196,0.0216,-0.9996,0,0.0004,-0.9998,-0.0216,0,0,-0.0588,-5.2924,1]},
{"frame":19,"values":[-0.9998,0,-0.0202,0,0.0202,0.0216,-0.9996,0,0.0004,-0.9998,-0.0216,0,0,-0.0588,-5.2924,1]},
{"frame":20,"values":[-0.9998,0,-0.0204,0,0.0204,0.0216,-0.9996,0,0.0004,-0.9998,-0.0216,0,0,-0.0588,-5.2924,1]},
{"frame":21,"values":[-0.9998,0,-0.0201,0,0.0201,0.0216,-0.9996,0,0.0004,-0.9998,-0.0216,0,0,-0.0588,-5.2924,1]},
{"frame":22,"values":[-0.9998,0,-0.019,0,0.019,0.0216,-0.9996,0,0.0004,-0.9998,-0.0216,0,0,-0.0588,-5.2924,1]},
{"frame":23,"values":[-0.9999,0,-0.0171,0,0.0171,0.0216,-0.9996,0,0.0004,-0.9998,-0.0216,0,0,-0.0588,-5.2924,1]},
{"frame":24,"values":[-0.9999,0,-0.0145,0,0.0145,0.0216,-0.9997,0,0.0003,-0.9998,-0.0216,0,0,-0.0588,-5.2924,1]},
{"frame":25,"values":[-0.9999,0,-0.0115,0,0.0114,0.0216,-0.9997,0,0.0002,-0.9998,-0.0216,0,0,-0.0588,-5.2924,1]},
{"frame":26,"values":[-1,0,-0.0081,0,0.0081,0.0216,-0.9997,0,0.0002,-0.9998,-0.0216,0,0,-0.0588,-5.2924,1]},
{"frame":27,"values":[-1,0,-0.0047,0,0.0047,0.0216,-0.9998,0,0.0001,-0.9998,-0.0216,0,0,-0.0588,-5.2924,1]},
{"frame":28,"values":[-1,0,-0.0015,0,0.0015,0.0216,-0.9998,0,0,-0.9998,-0.0216,0,0,-0.0588,-5.2924,1]},
{"frame":29,"values":[-1,0,0.0012,0,-0.0012,0.0216,-0.9998,0,0,-0.9998,-0.0216,0,0,-0.0588,-5.2924,1]},
{"frame":30,"values":[-1,0,0.0035,0,-0.0035,0.0216,-0.9998,0,-0.0001,-0.9998,-0.0216,0,0,-0.0588,-5.2924,1]},
{"frame":31,"values":[-1,0,0.0057,0,-0.0057,0.0216,-0.9998,0,-0.0001,-0.9998,-0.0216,0,0,-0.0588,-5.2924,1]},
{"frame":32,"values":[-1,0,0.008,0,-0.008,0.0216,-0.9997,0,-0.0002,-0.9998,-0.0216,0,0,-0.0588,-5.2924,1]},
{"frame":33,"values":[-0.9999,0,0.0103,0,-0.0103,0.0216,-0.9997,0,-0.0002,-0.9998,-0.0216,0,0,-0.0588,-5.2924,1]},
{"frame":34,"values":[-0.9999,0,0.0127,0,-0.0127,0.0216,-0.9997,0,-0.0003,-0.9998,-0.0216,0,0,-0.0588,-5.2924,1]},
{"frame":35,"values":[-0.9999,0,0.015,0,-0.015,0.0216,-0.9997,0,-0.0003,-0.9998,-0.0216,0,0,-0.0588,-5.2924,1]},
{"frame":36,"values":[-0.9999,0,0.0169,0,-0.0169,0.0216,-0.9996,0,-0.0004,-0.9998,-0.0216,0,0,-0.0588,-5.2924,1]},
{"frame":37,"values":[-0.9998,0,0.0185,0,-0.0185,0.0216,-0.9996,0,-0.0004,-0.9998,-0.0216,0,0,-0.0588,-5.2924,1]},
{"frame":38,"values":[-0.9998,0,0.0196,0,-0.0196,0.0216,-0.9996,0,-0.0004,-0.9998,-0.0216,0,0,-0.0588,-5.2924,1]},
{"frame":39,"values":[-0.9998,0,0.0202,0,-0.0202,0.0216,-0.9996,0,-0.0004,-0.9998,-0.0216,0,0,-0.0588,-5.2924,1]},
{"frame":40,"values":[-0.9998,0,0.0204,0,-0.0204,0.0216,-0.9996,0,-0.0004,-0.9998,-0.0216,0,0,-0.0588,-5.2924,1]},
{"frame":51,"values":[-1,0,0,0,0,0.0216,-0.9998,0,0,-0.9998,-0.0216,0,0,0,-5.704,1]},
{"frame":61,"values":[-1,-0.0003,0.0052,0,-0.0052,-0.015,-0.9999,0,0.0003,-0.9999,0.015,0,0,0,-5.704,1]},
{"frame":62,"values":[-0.9999,-0.0002,0.0162,0,-0.0161,-0.0932,-0.9955,0,0.0017,-0.9956,0.0932,0,0,0,-5.704,1]},
{"frame":63,"values":[-0.9998,0.0001,0.0214,0,-0.0212,-0.1296,-0.9913,0,0.0027,-0.9916,0.1296,0,0,0,-5.704,1]},
{"frame":64,"values":[-0.9998,0.0001,0.0212,0,-0.021,-0.1283,-0.9915,0,0.0026,-0.9917,0.1283,0,0,0,-5.704,1]},
{"frame":65,"values":[-0.9998,0.0001,0.0207,0,-0.0206,-0.125,-0.9919,0,0.0025,-0.9922,0.1249,0,0,0,-5.704,1]},
{"frame":66,"values":[-0.9998,0,0.02,0,-0.0199,-0.1202,-0.9926,0,0.0024,-0.9928,0.1201,0,0,0,-5.704,1]},
{"frame":67,"values":[-0.9998,0,0.0192,0,-0.0191,-0.1143,-0.9933,0,0.0022,-0.9935,0.1142,0,0,0,-5.704,1]},
{"frame":68,"values":[-0.9998,-0.0001,0.0183,0,-0.0181,-0.1076,-0.994,0,0.0021,-0.9942,0.1075,0,0,0,-5.704,1]},
{"frame":69,"values":[-0.9999,-0.0002,0.0172,0,-0.0171,-0.1003,-0.9948,0,0.0019,-0.995,0.1003,0,0,0,-5.704,1]},
{"frame":70,"values":[-0.9999,-0.0002,0.0161,0,-0.0161,-0.0926,-0.9956,0,0.0017,-0.9957,0.0926,0,0,0,-5.704,1]},
{"frame":71,"values":[-0.9999,-0.0003,0.015,0,-0.0149,-0.0847,-0.9963,0,0.0015,-0.9964,0.0846,0,0,0,-5.704,1]},
{"frame":72,"values":[-0.9999,-0.0003,0.0139,0,-0.0138,-0.0765,-0.997,0,0.0014,-0.9971,0.0765,0,0,0,-5.704,1]},
{"frame":73,"values":[-0.9999,-0.0003,0.0127,0,-0.0127,-0.0684,-0.9976,0,0.0012,-0.9977,0.0683,0,0,0,-5.704,1]},
{"frame":74,"values":[-0.9999,-0.0003,0.0115,0,-0.0115,-0.0602,-0.9981,0,0.001,-0.9982,0.0602,0,0,0,-5.704,1]},
{"frame":75,"values":[-0.9999,-0.0003,0.0104,0,-0.0104,-0.0521,-0.9986,0,0.0009,-0.9986,0.0521,0,0,0,-5.704,1]},
{"frame":76,"values":[-1,-0.0003,0.0093,0,-0.0093,-0.0442,-0.999,0,0.0008,-0.999,0.0442,0,0,0,-5.704,1]},
{"frame":77,"values":[-1,-0.0003,0.0082,0,-0.0082,-0.0365,-0.9993,0,0.0006,-0.9993,0.0365,0,0,0,-5.704,1]},
{"frame":78,"values":[-1,-0.0003,0.0071,0,-0.0071,-0.029,-0.9996,0,0.0005,-0.9996,0.029,0,0,0,-5.704,1]},
{"frame":79,"values":[-1,-0.0003,0.0061,0,-0.0061,-0.0219,-0.9997,0,0.0004,-0.9998,0.0219,0,0,0,-5.704,1]},
{"frame":80,"values":[-1,-0.0003,0.0052,0,-0.0052,-0.0152,-0.9999,0,0.0003,-0.9999,0.0152,0,0,0,-5.704,1]},
{"frame":81,"values":[-1,-0.0002,0.0043,0,-0.0043,-0.0088,-1,0,0.0003,-1,0.0088,0,0,0,-5.704,1]},
{"frame":82,"values":[-1,-0.0002,0.0035,0,-0.0035,-0.003,-1,0,0.0002,-1,0.003,0,0,0,-5.704,1]},
{"frame":83,"values":[-1,-0.0002,0.0027,0,-0.0027,0.0024,-1,0,0.0002,-1,-0.0024,0,0,0,-5.704,1]},
{"frame":84,"values":[-1,-0.0001,0.002,0,-0.002,0.0072,-1,0,0.0001,-1,-0.0072,0,0,0,-5.704,1]},
{"frame":85,"values":[-1,-0.0001,0.0014,0,-0.0014,0.0114,-0.9999,0,0.0001,-0.9999,-0.0114,0,0,0,-5.704,1]},
{"frame":86,"values":[-1,-0.0001,0.0009,0,-0.0009,0.0149,-0.9999,0,0,-0.9999,-0.0149,0,0,0,-5.704,1]},
{"frame":87,"values":[-1,0,0.0005,0,-0.0005,0.0177,-0.9998,0,0,-0.9998,-0.0177,0,0,0,-5.704,1]},
{"frame":88,"values":[-1,0,0.0002,0,-0.0002,0.0198,-0.9998,0,0,-0.9998,-0.0198,0,0,0,-5.704,1]},
{"frame":89,"values":[-1,0,0.0001,0,-0.0001,0.0211,-0.9998,0,0,-0.9998,-0.0211,0,0,0,-5.704,1]},
{"frame":90,"values":[-1,0,0,0,0,0.0216,-0.9998,0,0,-0.9998,-0.0216,0,0,0,-5.704,1]},
{"frame":101,"values":[-1,0,0,0,0,0.0216,-0.9998,0,0,-0.9998,-0.0216,0,0,0,-5.704,1]},
{"frame":140,"values":[-1,0,0,0,0,0.0216,-0.9998,0,0,-0.9998,-0.0216,0,0,0,-5.704,1]}],"loopBehavior":1,"name":"anim","property":"_matrix"}},
{"name":"Pecho","index":12,"matrix":[-1,0,0,0,0,0.9946,0.1037,0,0,0.1037,-0.9946,0,0,2.4666,0,1],"rest":[-1,0,0,0,0,0.9962,0.0872,0,0,0.0872,-0.9962,0,0,2.4666,0,1],"parentBoneIndex":11,"length":2.4824
,"animation":{"dataType":3,"framePerSecond":24,"keys":[
{"frame":0,"values":[-0.9962,-0.0079,0.087,0,-0.0004,0.9963,0.0857,0,-0.0874,0.0853,-0.9925,0,0,2.4666,0,1]},
{"frame":1,"values":[-0.9963,-0.0073,0.0858,0,0.0001,0.9963,0.0857,0,-0.0861,0.0854,-0.9926,0,0,2.4666,0,1]},
{"frame":2,"values":[-0.9966,-0.0056,0.0821,0,0.0014,0.9963,0.0858,0,-0.0823,0.0856,-0.9929,0,0,2.4666,0,1]},
{"frame":3,"values":[-0.9971,-0.0028,0.0758,0,0.0038,0.9963,0.0859,0,-0.0757,0.0859,-0.9934,0,0,2.4666,0,1]},
{"frame":4,"values":[-0.9978,0.0011,0.067,0,0.0069,0.9963,0.086,0,-0.0667,0.0863,-0.994,0,0,2.4666,0,1]},
{"frame":5,"values":[-0.9984,0.0058,0.0563,0,0.0106,0.9962,0.0862,0,-0.0556,0.0867,-0.9947,0,0,2.4666,0,1]},
{"frame":6,"values":[-0.999,0.0109,0.0444,0,0.0147,0.9961,0.0865,0,-0.0433,0.087,-0.9953,0,0,2.4666,0,1]},
{"frame":7,"values":[-0.9994,0.0159,0.0322,0,0.0186,0.9961,0.0867,0,-0.0307,0.0872,-0.9957,0,0,2.4666,0,1]},
{"frame":8,"values":[-0.9996,0.0205,0.0205,0,0.0222,0.996,0.0869,0,-0.0186,0.0873,-0.996,0,0,2.4666,0,1]},
{"frame":9,"values":[-0.9997,0.0245,0.0099,0,0.0252,0.9959,0.087,0,-0.0077,0.0873,-0.9962,0,0,2.4666,0,1]},
{"frame":10,"values":[-0.9996,0.0277,0.0006,0,0.0276,0.9958,0.0872,0,0.0018,0.0872,-0.9962,0,0,2.4666,0,1]},
{"frame":11,"values":[-0.9995,0.0295,-0.0087,0,0.0287,0.9958,0.0873,0,0.0112,0.087,-0.9961,0,0,2.4666,0,1]},
{"frame":12,"values":[-0.9994,0.0295,-0.0194,0,0.0277,0.9958,0.0873,0,0.0219,0.0867,-0.996,0,0,2.4666,0,1]},
{"frame":13,"values":[-0.9991,0.0277,-0.0313,0,0.0249,0.9959,0.0872,0,0.0336,0.0864,-0.9957,0,0,2.4666,0,1]},
{"frame":14,"values":[-0.9988,0.0243,-0.0436,0,0.0204,0.996,0.0871,0,0.0456,0.0861,-0.9952,0,0,2.4666,0,1]},
{"frame":15,"values":[-0.9982,0.0198,-0.0557,0,0.0149,0.9961,0.0868,0,0.0572,0.0858,-0.9947,0,0,2.4666,0,1]},
{"frame":16,"values":[-0.9977,0.0148,-0.0667,0,0.0091,0.9962,0.0864,0,0.0677,0.0856,-0.994,0,0,2.4666,0,1]},
{"frame":17,"values":[-0.9971,0.0103,-0.0756,0,0.0038,0.9963,0.086,0,0.0762,0.0854,-0.9934,0,0,2.4666,0,1]},
{"frame":18,"values":[-0.9966,0.0067,-0.0821,0,-0.0004,0.9963,0.0856,0,0.0823,0.0854,-0.9929,0,0,2.4666,0,1]},
{"frame":19,"values":[-0.9963,0.0044,-0.0859,0,-0.003,0.9963,0.0854,0,0.0859,0.0853,-0.9926,0,0,2.4666,0,1]},
{"frame":20,"values":[-0.9962,0.0036,-0.0871,0,-0.0038,0.9963,0.0853,0,0.0871,0.0853,-0.9925,0,0,2.4666,0,1]},
{"frame":21,"values":[-0.9963,0.0032,-0.0859,0,-0.0042,0.9963,0.0853,0,0.0858,0.0854,-0.9926,0,0,2.4666,0,1]},
{"frame":22,"values":[-0.9966,0.0017,-0.0822,0,-0.0053,0.9963,0.0854,0,0.082,0.0856,-0.993,0,0,2.4666,0,1]},
{"frame":23,"values":[-0.9971,-0.0007,-0.0758,0,-0.0072,0.9963,0.0856,0,0.0755,0.0859,-0.9934,0,0,2.4666,0,1]},
{"frame":24,"values":[-0.9977,-0.004,-0.0671,0,-0.0097,0.9963,0.0858,0,0.0665,0.0863,-0.9941,0,0,2.4666,0,1]},
{"frame":25,"values":[-0.9984,-0.008,-0.0563,0,-0.0128,0.9962,0.0861,0,0.0554,0.0867,-0.9947,0,0,2.4666,0,1]},
{"frame":26,"values":[-0.9989,-0.0124,-0.0444,0,-0.0162,0.9961,0.0864,0,0.0432,0.087,-0.9953,0,0,2.4666,0,1]},
{"frame":27,"values":[-0.9993,-0.0168,-0.0322,0,-0.0195,0.996,0.0866,0,0.0306,0.0872,-0.9957,0,0,2.4666,0,1]},
{"frame":28,"values":[-0.9996,-0.0209,-0.0205,0,-0.0226,0.996,0.0869,0,0.0186,0.0873,-0.996,0,0,2.4666,0,1]},
{"frame":29,"values":[-0.9996,-0.0246,-0.0099,0,-0.0254,0.9959,0.087,0,0.0077,0.0873,-0.9962,0,0,2.4666,0,1]},
{"frame":30,"values":[-0.9996,-0.0277,-0.0006,0,-0.0276,0.9958,0.0872,0,-0.0018,0.0872,-0.9962,0,0,2.4666,0,1]},
{"frame":31,"values":[-0.9995,-0.0296,0.0087,0,-0.0288,0.9958,0.0873,0,-0.0112,0.087,-0.9961,0,0,2.4666,0,1]},
{"frame":32,"values":[-0.9994,-0.0299,0.0194,0,-0.0281,0.9958,0.0873,0,-0.022,0.0867,-0.996,0,0,2.4666,0,1]},
{"frame":33,"values":[-0.9991,-0.0286,0.0313,0,-0.0258,0.9958,0.0873,0,-0.0336,0.0864,-0.9957,0,0,2.4666,0,1]},
{"frame":34,"values":[-0.9987,-0.0259,0.0436,0,-0.022,0.996,0.0872,0,-0.0457,0.0861,-0.9952,0,0,2.4666,0,1]},
{"frame":35,"values":[-0.9982,-0.0222,0.0557,0,-0.0173,0.9961,0.0869,0,-0.0574,0.0858,-0.9947,0,0,2.4666,0,1]},
{"frame":36,"values":[-0.9976,-0.0181,0.0666,0,-0.0123,0.9962,0.0866,0,-0.0679,0.0856,-0.994,0,0,2.4666,0,1]},
{"frame":37,"values":[-0.997,-0.0142,0.0755,0,-0.0077,0.9962,0.0863,0,-0.0765,0.0855,-0.9934,0,0,2.4666,0,1]},
{"frame":38,"values":[-0.9966,-0.0112,0.082,0,-0.0041,0.9963,0.086,0,-0.0826,0.0854,-0.9929,0,0,2.4666,0,1]},
{"frame":39,"values":[-0.9963,-0.0092,0.0858,0,-0.0019,0.9963,0.0858,0,-0.0862,0.0853,-0.9926,0,0,2.4666,0,1]},
{"frame":40,"values":[-0.9962,-0.0086,0.087,0,-0.0011,0.9963,0.0857,0,-0.0874,0.0853,-0.9925,0,0,2.4666,0,1]},
{"frame":51,"values":[-1,0,0,0,0,0.993,0.118,0,0,0.118,-0.993,0,0,2.4666,0,1]},
{"frame":61,"values":[-1,-0.0079,0.0006,0,-0.0078,0.998,0.0623,0,-0.0011,0.0623,-0.9981,0,0,2.4666,0,1]},
{"frame":62,"values":[-0.9997,-0.0245,0.0034,0,-0.0247,0.9981,-0.0572,0,-0.002,-0.0572,-0.9984,0,0,2.4666,0,1]},
{"frame":63,"values":[-0.9995,-0.0322,0.0053,0,-0.0326,0.9931,-0.1128,0,-0.0017,-0.1129,-0.9936,0,0,2.4666,0,1]},
{"frame":64,"values":[-0.9995,-0.0319,0.0053,0,-0.0323,0.9933,-0.1108,0,-0.0017,-0.1109,-0.9938,0,0,2.4666,0,1]},
{"frame":65,"values":[-0.9995,-0.0312,0.0051,0,-0.0316,0.9939,-0.1057,0,-0.0017,-0.1058,-0.9944,0,0,2.4666,0,1]},
{"frame":66,"values":[-0.9995,-0.0302,0.0048,0,-0.0305,0.9947,-0.0983,0,-0.0018,-0.0984,-0.9951,0,0,2.4666,0,1]},
{"frame":67,"values":[-0.9996,-0.029,0.0044,0,-0.0292,0.9956,-0.0893,0,-0.0018,-0.0894,-0.996,0,0,2.4666,0,1]},
{"frame":68,"values":[-0.9996,-0.0275,0.0041,0,-0.0278,0.9965,-0.0791,0,-0.0019,-0.0792,-0.9969,0,0,2.4666,0,1]},
{"frame":69,"values":[-0.9997,-0.026,0.0037,0,-0.0262,0.9973,-0.068,0,-0.0019,-0.0681,-0.9977,0,0,2.4666,0,1]},
{"frame":70,"values":[-0.9997,-0.0244,0.0033,0,-0.0245,0.9981,-0.0562,0,-0.002,-0.0563,-0.9984,0,0,2.4666,0,1]},
{"frame":71,"values":[-0.9997,-0.0227,0.003,0,-0.0228,0.9988,-0.0441,0,-0.002,-0.0441,-0.999,0,0,2.4666,0,1]},
{"frame":72,"values":[-0.9998,-0.021,0.0026,0,-0.0211,0.9993,-0.0316,0,-0.0019,-0.0317,-0.9995,0,0,2.4666,0,1]},
{"frame":73,"values":[-0.9998,-0.0193,0.0023,0,-0.0193,0.9996,-0.0191,0,-0.0019,-0.0192,-0.9998,0,0,2.4666,0,1]},
{"frame":74,"values":[-0.9998,-0.0175,0.002,0,-0.0175,0.9998,-0.0066,0,-0.0018,-0.0067,-1,0,0,2.4666,0,1]},
{"frame":75,"values":[-0.9999,-0.0158,0.0017,0,-0.0158,0.9999,0.0057,0,-0.0018,0.0057,-1,0,0,2.4666,0,1]},
{"frame":76,"values":[-0.9999,-0.0141,0.0014,0,-0.0141,0.9997,0.0178,0,-0.0016,0.0178,-0.9998,0,0,2.4666,0,1]},
{"frame":77,"values":[-0.9999,-0.0125,0.0012,0,-0.0124,0.9995,0.0296,0,-0.0015,0.0296,-0.9996,0,0,2.4666,0,1]},
{"frame":78,"values":[-0.9999,-0.0109,0.0009,0,-0.0108,0.9991,0.041,0,-0.0014,0.041,-0.9992,0,0,2.4666,0,1]},
{"frame":79,"values":[-1,-0.0093,0.0008,0,-0.0093,0.9986,0.0518,0,-0.0012,0.0518,-0.9987,0,0,2.4666,0,1]},
{"frame":80,"values":[-1,-0.0079,0.0006,0,-0.0078,0.998,0.0621,0,-0.0011,0.0621,-0.9981,0,0,2.4666,0,1]},
{"frame":81,"values":[-1,-0.0065,0.0005,0,-0.0065,0.9974,0.0718,0,-0.0009,0.0717,-0.9974,0,0,2.4666,0,1]},
{"frame":82,"values":[-1,-0.0053,0.0004,0,-0.0052,0.9967,0.0807,0,-0.0008,0.0807,-0.9967,0,0,2.4666,0,1]},
{"frame":83,"values":[-1,-0.0041,0.0003,0,-0.0041,0.996,0.0888,0,-0.0006,0.0888,-0.996,0,0,2.4666,0,1]},
{"frame":84,"values":[-1,-0.0031,0.0002,0,-0.0031,0.9954,0.0961,0,-0.0005,0.0961,-0.9954,0,0,2.4666,0,1]},
{"frame":85,"values":[-1,-0.0022,0.0001,0,-0.0022,0.9947,0.1025,0,-0.0003,0.1025,-0.9947,0,0,2.4666,0,1]},
{"frame":86,"values":[-1,-0.0014,0.0001,0,-0.0014,0.9942,0.1078,0,-0.0002,0.1078,-0.9942,0,0,2.4666,0,1]},
{"frame":87,"values":[-1,-0.0008,0,0,-0.0008,0.9937,0.1121,0,-0.0001,0.1121,-0.9937,0,0,2.4666,0,1]},
{"frame":88,"values":[-1,-0.0004,0,0,-0.0004,0.9933,0.1153,0,-0.0001,0.1153,-0.9933,0,0,2.4666,0,1]},
{"frame":89,"values":[-1,-0.0001,0,0,-0.0001,0.9931,0.1173,0,0,0.1173,-0.9931,0,0,2.4666,0,1]},
{"frame":90,"values":[-1,0,0,0,0,0.993,0.118,0,0,0.118,-0.993,0,0,2.4666,0,1]},
{"frame":101,"values":[-1,0,0,0,0,0.993,0.118,0,0,0.118,-0.993,0,0,2.4666,0,1]},
{"frame":102,"values":[-1,0,0,0,0,0.993,0.1177,0,0,0.1177,-0.9931,0,0,2.4666,0,1]},
{"frame":103,"values":[-1,0,0,0,0,0.9931,0.1169,0,0,0.1169,-0.9931,0,0,2.4666,0,1]},
{"frame":104,"values":[-1,0,0,0,0,0.9933,0.1155,0,0,0.1155,-0.9933,0,0,2.4666,0,1]},
{"frame":105,"values":[-1,0,0,0,0,0.9935,0.1136,0,0,0.1136,-0.9935,0,0,2.4666,0,1]},
{"frame":106,"values":[-1,0,0,0,0,0.9938,0.1112,0,0,0.1112,-0.9938,0,0,2.4666,0,1]},
{"frame":107,"values":[-1,0,0,0,0,0.9941,0.1083,0,0,0.1083,-0.9941,0,0,2.4666,0,1]},
{"frame":108,"values":[-1,0,0,0,0,0.9945,0.105,0,0,0.105,-0.9945,0,0,2.4666,0,1]},
{"frame":109,"values":[-1,0,0,0,0,0.9949,0.1013,0,0,0.1013,-0.9949,0,0,2.4666,0,1]},
{"frame":110,"values":[-1,0,0,0,0,0.9952,0.0974,0,0,0.0974,-0.9952,0,0,2.4666,0,1]},
{"frame":111,"values":[-1,0,0,0,0,0.9956,0.0934,0,0,0.0934,-0.9956,0,0,2.4666,0,1]},
{"frame":112,"values":[-1,0,0,0,0,0.996,0.0894,0,0,0.0894,-0.996,0,0,2.4666,0,1]},
{"frame":113,"values":[-1,0,0,0,0,0.9963,0.0855,0,0,0.0855,-0.9963,0,0,2.4666,0,1]},
{"frame":114,"values":[-1,0,0,0,0,0.9966,0.0819,0,0,0.0819,-0.9966,0,0,2.4666,0,1]},
{"frame":115,"values":[-1,0,0,0,0,0.9969,0.0786,0,0,0.0786,-0.9969,0,0,2.4666,0,1]},
{"frame":116,"values":[-1,0,0,0,0,0.9971,0.0756,0,0,0.0756,-0.9971,0,0,2.4666,0,1]},
{"frame":117,"values":[-1,0,0,0,0,0.9973,0.0732,0,0,0.0732,-0.9973,0,0,2.4666,0,1]},
{"frame":118,"values":[-1,0,0,0,0,0.9975,0.0713,0,0,0.0713,-0.9975,0,0,2.4666,0,1]},
{"frame":119,"values":[-1,0,0,0,0,0.9976,0.0699,0,0,0.0699,-0.9976,0,0,2.4666,0,1]},
{"frame":120,"values":[-1,0,0,0,0,0.9976,0.0691,0,0,0.0691,-0.9976,0,0,2.4666,0,1]},
{"frame":121,"values":[-1,0,0,0,0,0.9976,0.0688,0,0,0.0688,-0.9976,0,0,2.4666,0,1]},
{"frame":122,"values":[-1,0,0,0,0,0.9976,0.0691,0,0,0.0691,-0.9976,0,0,2.4666,0,1]},
{"frame":123,"values":[-1,0,0,0,0,0.9975,0.07,0,0,0.07,-0.9975,0,0,2.4666,0,1]},
{"frame":124,"values":[-1,0,0,0,0,0.9974,0.0716,0,0,0.0716,-0.9974,0,0,2.4666,0,1]},
{"frame":125,"values":[-1,0,0,0,0,0.9973,0.0737,0,0,0.0737,-0.9973,0,0,2.4666,0,1]},
{"frame":126,"values":[-1,0,0,0,0,0.9971,0.0764,0,0,0.0764,-0.9971,0,0,2.4666,0,1]},
{"frame":127,"values":[-1,0,0,0,0,0.9968,0.0796,0,0,0.0796,-0.9968,0,0,2.4666,0,1]},
{"frame":128,"values":[-1,0,0,0,0,0.9965,0.0832,0,0,0.0832,-0.9965,0,0,2.4666,0,1]},
{"frame":129,"values":[-1,0,0,0,0,0.9962,0.0871,0,0,0.0871,-0.9962,0,0,2.4666,0,1]},
{"frame":130,"values":[-1,0,0,0,0,0.9958,0.0913,0,0,0.0913,-0.9958,0,0,2.4666,0,1]},
{"frame":131,"values":[-1,0,0,0,0,0.9954,0.0955,0,0,0.0955,-0.9954,0,0,2.4666,0,1]},
{"frame":132,"values":[-1,0,0,0,0,0.995,0.0997,0,0,0.0997,-0.995,0,0,2.4666,0,1]},
{"frame":133,"values":[-1,0,0,0,0,0.9946,0.1037,0,0,0.1037,-0.9946,0,0,2.4666,0,1]},
{"frame":134,"values":[-1,0,0,0,0,0.9942,0.1073,0,0,0.1073,-0.9942,0,0,2.4666,0,1]},
